# Revising the previous code to complete the syntax error and provide the full code for the requested adjustments.

import matplotlib.pyplot as plt
import numpy as np

# Set the theme of the plot to dark
plt.style.use('dark_background')

# Simulating wave signals
t = np.linspace(0, 1, 9)  # 1 second of data
ecg_wave = np.array([0.030001, 0.030001, 0.005001, -0.034999, -0.069999, -0.089999, -0.105, -0.11, -0.115, -0.115, -0.12, -0.12, -0.115, -0.11, -0.105, -0.099999, -0.105, -0.145, -0.11999, 0.225, 0.89502, 1.28, 0.90498, 0.060001, -0.385, -0.37, -0.24, -0.135, -0.084999, -0.064998, -0.049999, -0.034999, -0.024999, -0.014998, -0.0049984, 0.0050016, 0.015002, 0.025002, 0.040002, 0.055001, 0.065002, 0.080002, 0.095001, 0.105, 0.115, 0.13, 0.145, 0.16, 0.175, 0.185, 0.19, 0.19, 0.19, 0.185, 0.18, 0.175, 0.16, 0.14, 0.11, 0.07, 0.029999, -0.015, -0.05, -0.085, -0.105, -0.12, -0.125, -0.13, -0.13, -0.13, -0.13, -0.125, -0.12, -0.12, -0.12, -0.115, -0.115, -0.115, -0.115, -0.12, -0.12, -0.12, -0.115, -0.115, -0.115, -0.115, -0.115, -0.115, -0.115, -0.115, -0.11, -0.11, -0.094998, -0.069998, -0.034998, -0.0049978, 0.020001, 0.035001, 0.035001, 0.015, -0.024999, -0.065, -0.089999, -0.099999, -0.105, -0.105, -0.11, -0.11, -0.11, -0.11, -0.105, -0.099999, -0.099999, -0.105, -0.145, -0.13499, 0.17002, 0.81502, 1.27, 1.005, 0.16498, -0.35, -0.38, -0.25, -0.14, -0.084998, -0.069999, -0.059998, -0.044999, -0.029998, -0.014999, -0.004999, 0.005001, 0.015001, 0.025001, 0.035001, 0.050001, 0.060001, 0.070002, 0.085001, 0.095001, 0.11, 0.125, 0.145, 0.16, 0.17, 0.18, 0.185, 0.19, 0.19, 0.185, 0.18, 0.175, 0.16, 0.14, 0.11, 0.075001, 0.035, -0.009999, -0.05, -0.079999, -0.105, -0.12, -0.13, -0.135, -0.135, -0.135, -0.135, -0.135, -0.13, -0.13, -0.125, -0.125, -0.12, -0.12, -0.12, -0.12, -0.12, -0.12, -0.125, -0.125, -0.125, -0.12, -0.12, -0.12, -0.12, -0.12, -0.115, -0.11, -0.099999, -0.079999, -0.049998, -0.014998, 0.010002, 0.025002, 0.03, 0.0099998, -0.03, -0.07, -0.095, -0.11, -0.115, -0.12, -0.125, -0.125, -0.125, -0.12, -0.115, -0.11, -0.105, -0.11, -0.14, -0.15499, 0.095016, 0.70502, 1.26, 1.07, 0.24995, -0.34001, -0.40999, -0.27999, -0.16, -0.099998, -0.074998, -0.059999, -0.049999, -0.039998, -0.024998, -0.009999, -0.0049984, 0.0050016, 0.020001, 0.030002, 0.045001, 0.060001, 0.075001, 0.085002, 0.1, 0.115, 0.125, 0.14, 0.15, 0.16, 0.165, 0.175, 0.18, 0.185, 0.18, 0.175, 0.16, 0.15, 0.13, 0.105, 0.07, 0.03, -0.01, -0.05, -0.085, -0.105, -0.125, -0.135, -0.14, -0.145, -0.145, -0.145, -0.145, -0.14, -0.14, -0.135, -0.135, -0.13, -0.125, -0.125, -0.125, -0.125, -0.125, -0.125, -0.125, -0.125, -0.125, -0.125, -0.125, -0.12, -0.12, -0.12, -0.12, -0.115, -0.099998, -0.069999, -0.039998, -0.009999, 0.010002, 0.020001, 0.015, -0.01, -0.044999, -0.08, -0.099999, -0.11, -0.115, -0.12, -0.12, -0.115, -0.115, -0.115, -0.115, -0.105, -0.099999, -0.11, -0.155, -0.11499, 0.275, 0.96002, 1.3, 0.84997, -0.015018, -0.42, -0.37499, -0.23, -0.13, -0.084999, -0.064998, -0.049999, -0.034999, -0.024999, -0.014999, -0.0049984, 0.010001, 0.015002, 0.025001, 0.035002, 0.045002, 0.060001, 0.070002, 0.085001, 0.105, 0.12, 0.135, 0.145, 0.155, 0.165, 0.175, 0.18, 0.185, 0.18, 0.175, 0.17, 0.165, 0.155, 0.13, 0.105, 0.07, 0.030001, -0.009999, -0.049999, -0.079999, -0.105, -0.115, -0.125, -0.13, -0.13, -0.13, -0.13, -0.125, -0.125, -0.125, -0.12, -0.12, -0.11, -0.11, -0.11, -0.11, -0.115, -0.115, -0.12, -0.12, -0.12, -0.115, -0.115, -0.11, -0.105, -0.105, -0.11, -0.105, -0.094999, -0.079998, -0.049998, -0.014998, 0.010002, 0.030001, 0.030001, 0.02, -0.015, -0.055, -0.08, -0.094999, -0.099999, -0.105, -0.11, -0.11, -0.11, -0.105, -0.105, -0.099999, -0.094999, -0.095, -0.125, -0.15, 1.292e-05, 0.55004, 1.2, 1.225, 0.46497, -0.25001, -0.395, -0.29999, -0.17, -0.094998, -0.064998, -0.049998, -0.039999, -0.029998, -0.014999, -0.0099984, 0.005001, 0.015001, 0.025001, 0.035001, 0.040002, 0.055002, 0.070002, 0.085002, 0.1, 0.115, 0.13, 0.14, 0.15, 0.165, 0.175, 0.185, 0.195, 0.195, 0.195, 0.19, 0.185, 0.175, 0.155, 0.13, 0.095, 0.05, 0.010001, -0.03, -0.064999, -0.09, -0.11, -0.125, -0.13, -0.13, -0.13, -0.13, -0.13, -0.125, -0.125, -0.125, -0.12, -0.12, -0.12, -0.12, -0.12, -0.12, -0.12, -0.12, -0.12, -0.125, -0.125, -0.12, -0.12, -0.115, -0.115, -0.115, -0.115, -0.105, -0.089999, -0.054998, -0.024999, 0.0050016, 0.025002, 0.030001, 0.025, -0.004999, -0.05, -0.08, -0.099999, -0.105, -0.105, -0.11, -0.11, -0.11, -0.11, -0.11, -0.105, -0.099999, -0.099999, -0.11, -0.145, -0.079991, 0.36002, 1.04, 1.275, 0.73497, -0.079999, -0.395, -0.345, -0.21, -0.115, -0.074999, -0.059999, -0.049999, -0.034998, -0.014999, -0.004999, 1.0001e-06, 0.010002, 0.020002, 0.035001, 0.045002, 0.055001, 0.065002, 0.075001, 0.090002, 0.105, 0.125, 0.135, 0.15, 0.165, 0.175, 0.185, 0.185, 0.185, 0.19, 0.185, 0.18, 0.175, 0.16, 0.14, 0.11, 0.070001, 0.025001, -0.019999, -0.054999, -0.085, -0.105, -0.125, -0.13, -0.13, -0.135, -0.135, -0.13, -0.125, -0.125, -0.125, -0.12, -0.12, -0.12, -0.12, -0.115, -0.115, -0.115, -0.115, -0.115, -0.12, -0.115, -0.115, -0.115, -0.115, -0.115, -0.11, -0.11, -0.11, -0.089998, -0.059998, -0.024998, 2.1921e-06, 0.025002, 0.035001, 0.025, -0.0050002, -0.050001, -0.08, -0.099999, -0.105, -0.11, -0.115, -0.12, -0.12, -0.115, -0.11, -0.11, -0.105, -0.099999, -0.11, -0.15, -0.099992, 0.28502, 0.96502, 1.285, 0.83498, -1.7477e-05, -0.39, -0.355, -0.225, -0.125, -0.079999, -0.064998, -0.049999, -0.044998, -0.034998, -0.019998, -0.004999, 0.005001, 0.015002, 0.030001, 0.040001, 0.050001, 0.060002])
ppg_wave = np.array([31.282, 30.8669, 30.4518, 30.0855, 29.7192, 29.4017, 29.1087, 28.8645, 28.6447, 28.4737, 28.2784, 28.0586, 27.8632, 27.6679, 27.4481, 27.1795, 26.9353, 26.7155, 26.4713, 26.2027, 25.9585, 25.7143, 25.4457, 25.2015, 25.0061, 24.8107, 24.6398, 24.5177, 24.3712, 24.2491, 24.2002, 24.2247, 24.42, 24.9085, 25.7631, 27.0819, 28.9378, 31.331, 34.2126, 37.5336, 41.1234, 44.8353, 48.5715, 52.2345, 55.6777, 58.7547, 61.4652, 63.7852, 65.6655, 67.1795, 68.3272, 69.0843, 69.4994, 69.5971, 69.4261, 69.011, 68.3272, 67.3748, 66.1782, 64.7374, 63.1013, 61.2454, 59.243, 57.1672, 55.0672, 52.9914, 51.0134, 49.1819, 47.4969, 45.9829, 44.6398, 43.4921, 42.5397, 41.7094, 41.0012, 40.4395, 39.9512, 39.536, 39.2186, 38.9255, 38.6325, 38.315, 37.9975, 37.6557, 37.3138, 36.9963, 36.6789, 36.2881, 35.873, 35.4823, 35.0916, 34.6764, 34.2125, 33.7729, 33.3578, 32.9426, 32.5275, 32.0879, 31.6728, 31.3065, 30.9402, 30.5983, 30.2808, 29.9634, 29.6703, 29.4017, 29.1575, 28.9621, 28.7912, 28.6203, 28.4249, 28.2295, 28.0098, 27.7656, 27.5214, 27.2772, 27.033, 26.8132, 26.569, 26.3248, 26.105, 25.9096, 25.6899, 25.4457, 25.2259, 25.0794, 24.9817, 24.9328, 24.9573, 25.1038, 25.5189, 26.3004, 27.497, 29.1819, 31.4286, 34.2125, 38.0708, 42.6375, 47.033, 51.2822, 55.3358, 59.1209, 62.5885, 65.6654, 68.3029, 70.5006, 72.2589, 73.5775, 74.5055, 75.116, 75.409, 75.3846, 75.0672, 74.4566, 73.602, 72.4542, 71.0622, 69.4261, 67.5701, 65.5189, 63.3699, 61.1477, 58.901, 56.7277, 54.652, 52.7228, 50.989, 49.4017, 48.0342, 46.862, 45.8852, 45.0549, 44.3467, 43.7851, 43.3211, 42.906, 42.5641, 42.1978, 41.8315, 41.4896, 41.1477, 40.8058, 40.4395, 40.0244, 39.6093, 39.1941, 38.779, 38.315, 37.8754, 37.4603, 37.0207, 36.5568, 36.1172, 35.6776, 35.2381, 34.8229, 34.4078, 34.0415, 33.6752, 33.3089, 32.967, 32.674, 32.4054, 32.1612, 31.9414, 31.746, 31.5507, 31.3553, 31.1355, 30.9157, 30.696, 30.5006, 30.2808, 30.0366, 29.7924, 29.5238, 29.2796, 29.0354, 28.7912, 28.5714, 28.3761, 28.2051, 28.0586, 27.9365, 27.8388, 27.8388, 28.0098, 28.4249, 29.1575, 30.4029, 32.2101, 34.5788, 37.5093, 40.9037, 44.6888, 48.6936, 52.7718, 56.8011, 60.6349, 64.2003, 67.3749, 70.11, 72.4054, 74.2369, 75.6288, 76.6545, 77.3382, 77.7045, 77.7533, 77.5336, 77.0452, 76.2881, 75.2625, 73.9926, 72.4786, 70.7448, 68.8156, 66.691, 64.4933, 62.2711, 60.0488, 57.8999, 55.8485, 53.9683, 52.2588, 50.7448, 49.4506, 48.376, 47.4725, 46.6911, 46.0562, 45.5433, 45.1038, 44.6886, 44.2735, 43.9072, 43.5165, 43.1258, 42.735, 42.2955, 41.8315, 41.3919, 40.9524, 40.4884, 40, 39.5116, 39.0232, 38.5348, 38.0464, 37.558, 37.0696, 36.5812, 36.0928, 35.6288, 35.2137, 34.823, 34.4322, 34.0415, 33.6996, 33.3822, 33.1136, 32.8693, 32.6252, 32.381, 32.1612, 31.9658, 31.746, 31.5018, 31.2576, 30.989, 30.7448, 30.5006, 30.2564, 30.0122, 29.768, 29.5238, 29.2796, 29.0598, 28.8156, 28.5714, 28.3516, 28.1807, 28.0586, 28.083, 28.2784, 28.7424, 29.6459, 31.0867, 33.1136, 35.7022, 38.8767, 42.5154, 46.4713, 50.5739, 54.6764, 58.6569, 62.3688, 65.7143, 68.6448, 71.1111, 73.138, 74.7741, 75.9463, 76.7522, 77.265, 77.4603, 77.4115, 77.094, 76.5323, 75.7265, 74.7008, 73.431, 71.9169, 70.1587, 68.1807, 66.0317, 63.785, 61.4896, 59.1941, 56.9474, 54.8229, 52.8937, 51.1111, 49.5238, 48.1318, 46.9597, 45.9585, 45.1038, 44.42, 43.8339, 43.3211, 42.8571, 42.442, 42.0268, 41.6605, 41.2698, 40.8547, 40.4395, 39.9756, 39.5116, 39.0232, 38.5104, 37.9975, 37.4603, 36.9231, 36.4102, 35.8974, 35.3602, 34.8474, 34.3345, 33.7973, 33.3089, 32.1611, 30.7204, 29.7924, 29.1331, 28.6691, 28.2784, 27.9609, 27.7167, 27.4969, 27.2772, 27.0574, 26.8132, 26.569, 26.3248, 26.0806, 25.812, 25.5678, 25.3236, 25.0794, 24.8352, 24.5665, 24.2735, 24.0049, 23.7851, 23.5653, 23.3944, 23.2234, 23.0525, 22.906, 22.8816, 23.0525, 23.4432, 24.1759, 25.3969, 27.1307, 29.4262, 32.3077, 35.6778, 39.4139, 43.3945, 47.4726, 51.4531, 55.2382, 58.6813, 61.7583, 64.4201, 66.6423, 68.4249, 69.7436, 70.696, 71.3065, 71.5751, 71.5751, 71.3065, 70.7692, 69.9633, 68.8889, 67.5457, 65.9585, 64.1514, 62.1489, 60, 57.7777, 55.5067, 53.2844, 51.1599, 49.1819, 47.3504, 45.7143, 44.2735, 43.0525, 42.0268, 41.1721, 40.4396, 39.829, 39.3407, 38.9255, 38.5348, 38.1929, 37.851, 37.4847, 37.1184, 36.7521, 36.3858, 35.9707, 35.58, 35.1648, 34.7253, 34.2857, 33.8462, 33.4066, 32.9426, 32.503, 32.0635, 31.5995, 31.1355, 30.696, 30.2564, 29.8657, 29.4994, 29.1331, 28.7912, 28.4493, 28.1563, 27.9121, 27.6923, 27.4725, 27.2772, 27.0818, 26.8864, 26.6667, 26.4225, 26.1783, 25.9096, 25.6654, 25.4212, 25.1526, 24.8596, 24.591, 24.3468, 24.1026, 23.8828, 23.6874, 23.5409, 23.4188, 23.3455, 23.2967, 23.3211, 23.4921, 23.8828, 24.6398, 25.8608, 27.5946, 29.8901, 32.7717, 36.0928, 39.7559, 43.6386, 47.5947, 51.4774, 55.116, 58.486, 61.4896, 64.0538, 66.2027, 67.9121, 69.2308, 70.1587, 70.696, 70.9157, 70.8425, 70.5006, 69.8657, 68.9621, 67.7656, 66.3247, 64.6642, 62.8082, 60.7814, 58.6324, 56.4102, 54.2124, 52.1123, 50.1098, 48.2295, 46.5445, 45.0549, 43.7607, 42.6373, 41.7094, 40.9524, 40.3419, 39.8046, 39.3651, 38.9988, 38.6813, 38.3638, 38.0464, 37.7045, 37.3626, 37.0207, 36.6789, 36.3126, 35.9463, 35.5556, 35.1404, 34.7253, 34.2857, 33.8461, 33.4066, 32.967, 32.5275, 32.0879, 31.6728, 31.282, 30.8913, 30.5006, 30.1343, 29.8169, 29.5482, 29.2552, 28.9866, 28.7424, 28.4982, 28.2784, 28.0342, 27.79, 27.5702, 27.3748, 27.1551, 26.8864, 26.6178, 26.3248, 26.0562, 25.812, 25.5678, 25.348, 25.1282, 24.9328, 24.7375, 24.5421, 24.3468, 24.1758, 24.0293, 23.956, 24.0537, 24.3956, 25.0794, 26.2027, 27.8389, 30.0366, 32.8206, 36.0929])
abp_wave = np.array([60.0625, 59.75, 59.375, 58.9375, 58.5, 58, 57.5625, 57.1875, 56.875, 56.5625, 56.25, 56, 55.6875, 55.3125, 54.875, 54.4375, 54.0625, 53.8125, 53.625, 53.5, 53.4375, 53.375, 53.3125, 53.1875, 52.9375, 52.6875, 52.375, 52.0625, 51.6875, 51.375, 51.0625, 50.75, 50.5, 50.1875, 49.875, 49.5, 49.1875, 48.9375, 48.75, 48.6875, 48.6875, 48.6875, 48.6875, 48.75, 48.875, 49.25, 50.125, 51.8126, 54.5001, 58.4376, 63.3752, 69.0002, 74.6877, 80.0001, 84.5001, 88.1876, 90.8751, 92.7501, 93.75, 94.0625, 93.75, 93, 91.875, 90.5625, 89.125, 87.5624, 85.8749, 84.1874, 82.4375, 80.6249, 78.6875, 76.5624, 74.1874, 71.4999, 68.6874, 66, 63.4999, 61.5625, 60.0625, 59.125, 58.5625, 58.25, 58.125, 58.125, 58.125, 58.3125, 58.5625, 58.875, 59.3125, 59.6875, 60, 60.25, 60.3125, 60.25, 60.0625, 59.8125, 59.5625, 59.25, 58.9375, 58.75, 58.5, 58.25, 57.875, 57.5, 57.0625, 56.625, 56.0625, 55.625, 55.25, 54.9375, 54.6875, 54.5, 54.3125, 54.0625, 53.75, 53.375, 53.0625, 52.8125, 52.6875, 52.625, 52.6875, 52.6875, 52.625, 52.4375, 52.125, 51.625, 51.125, 50.6875, 50.25, 49.9375, 49.6875, 49.5625, 49.5, 49.3125, 49.125, 48.875, 48.625, 48.375, 48.1875, 48.0625, 48.1875, 48.5, 49.0625, 50.1251, 51.9375, 54.7501, 58.75, 63.6877, 69.2502, 74.875, 80.1876, 84.875, 88.6251, 91.4376, 93.4375, 94.5, 94.75, 94.375, 93.5, 92.375, 91.0625, 89.6875, 88.25, 86.8125, 85.1875, 83.5, 81.625, 79.625, 77.4999, 75.125, 72.5625, 69.875, 67.1875, 64.6874, 62.625, 60.9375, 59.8125, 59.0625, 58.625, 58.375, 58.375, 58.5, 58.75, 59.0625, 59.4375, 59.75, 60.0625, 60.25, 60.4375, 60.5625, 60.625, 60.6875, 60.625, 60.5, 60.25, 59.875, 59.5, 59.0625, 58.625, 58.3125, 58, 57.75, 57.4375, 57.125, 56.75, 56.375, 55.9375, 55.5625, 55.1875, 54.9375, 54.75, 54.5625, 54.4375, 54.25, 54.0625, 53.875, 53.6875, 53.5, 53.375, 53.25, 53.125, 52.9375, 52.6875, 52.375, 52, 51.625, 51.25, 50.9375, 50.6875, 50.4375, 50.1875, 50, 49.8125, 49.6875, 49.625, 49.625, 49.6875, 49.75, 49.9375, 50.375, 51.3751, 53.2501, 56.3126, 60.6252, 66.0627, 72.0002, 77.8752, 83.3126, 87.9376, 91.6252, 94.3126, 96.125, 97.0625, 97.25, 96.875, 96.0625, 95, 93.6875, 92.25, 90.625, 89, 87.3124, 85.625, 83.9374, 82.2499, 80.375, 78.3124, 75.875, 73.2499, 70.4999, 67.7499, 65.3749, 63.5, 62.1875, 61.375, 60.9375, 60.8125, 60.875, 61, 61.125, 61.25, 61.4375, 61.6875, 62.0625, 62.5, 62.875, 63.125, 63.1875, 63.0625, 62.8125, 62.5, 62.125, 61.75, 61.375, 61, 60.6875, 60.375, 60, 59.5625, 59.125, 58.625, 58.1875, 57.75, 57.4375, 57.125, 56.875, 56.625, 56.375, 56.1875, 55.875, 55.625, 55.4375, 55.25, 55.1875, 55.0625, 54.9375, 54.75, 54.625, 54.375, 54.125, 53.75, 53.4375, 53.0625, 52.75, 52.4375, 52.1875, 51.875, 51.5625, 51.3125, 51.125, 50.9375, 50.8125, 50.75, 50.625, 50.625, 50.6875, 51.0625, 51.9375, 53.5625, 56.375, 60.4377, 65.625, 71.5002, 77.625, 83.4377, 88.6251, 92.875, 96.0626, 98.125, 99.1875, 99.3125, 98.8125, 97.8125, 96.625, 95.25, 93.75, 92.3125, 90.75, 89.3125, 87.875, 86.375, 84.75, 82.9375, 80.9375, 78.6875, 76.1249, 73.4375, 70.6874, 68.1875, 65.9375, 64.1875, 62.8125, 61.8125, 61.125, 60.75, 60.5625, 60.625, 60.875, 61.3125, 61.8125, 62.25, 62.5625, 62.625, 62.625, 62.5625, 62.5, 62.4375, 62.3125, 62.1875, 62, 61.625, 61.125, 60.5, 59.9375, 59.375, 58.9375, 58.5625, 58.25, 58, 57.6875, 57.3125, 56.9375, 56.4375, 55.9375, 55.5, 55.125, 54.875, 54.6875, 54.625, 54.5625, 54.5, 54.4375, 54.25, 54, 53.75, 53.375, 53.0625, 52.8125, 52.5625, 52.375, 52.125, 51.8125, 51.375, 50.9375, 50.5, 50.125, 49.875, 49.6875, 49.625, 49.625, 49.5625, 49.5, 49.4375, 49.4375, 49.6875, 50.5, 52.0626, 54.6876, 58.5626, 63.5002, 69.1877, 75.1253, 80.7501, 85.6876, 89.7501, 92.8126, 94.9375, 96.125, 96.5, 96.1875, 95.375, 94.25, 92.9375, 91.5, 89.9375, 88.375, 86.8124, 85.125, 83.4374, 81.625, 79.6874, 77.3749, 74.8124, 71.9999, 69.125, 66.3749, 64.125, 62.3125, 61, 60.0625, 59.5, 59.125, 58.9375, 58.9375, 59.0625, 59.4375, 59.8125, 60.1875, 60.5, 60.8125, 61, 61.125, 61.1875, 61.125, 60.9375, 60.6875, 60.375, 60.0625, 59.75, 59.4375, 59.125, 58.8125, 58.5, 58.0625, 57.5625, 57.0625, 56.625, 56.1875, 55.875, 55.625, 55.375, 55.125, 54.8125, 54.4375, 54.125, 53.8125, 53.625, 53.4375, 53.4375, 53.375, 53.3125, 53.1875, 52.9375, 52.6875, 52.3125, 51.9375, 51.5, 51.125, 50.75, 50.4375, 50.1875, 50.0625, 49.875, 49.6875, 49.5, 49.25, 49, 48.75, 48.5625, 48.5625, 48.75, 49.0625, 49.75, 50.875, 52.6876, 55.5625, 59.5001, 64.5002, 70, 75.6252, 80.75, 85.2501, 88.875, 91.5626, 93.3125, 94.1875, 94.3125, 93.8125, 92.875, 91.625, 90.3125, 88.9375, 87.4375, 85.9375, 84.375, 82.625, 80.6875, 78.5624, 76.1875, 73.5625, 70.75, 67.9375, 65.375, 63.125, 61.375, 60, 59, 58.3125, 57.9375, 57.75, 57.8125, 58.0625, 58.375, 58.75, 59.125, 59.5, 59.8125, 60.0625, 60.1875, 60.25, 60.125, 60, 59.8125, 59.625, 59.5, 59.3125, 59.0625, 58.6875, 58.25, 57.75, 57.25, 56.75, 56.375, 56.125, 55.875, 55.625, 55.375, 55.0625, 54.625, 54.25, 53.875, 53.5625, 53.375, 53.3125, 53.25, 53.1875, 53.0625, 52.9375, 52.75, 52.4375, 52.125, 51.8125, 51.5, 51.1875, 50.875, 50.5625, 50.3125, 50, 49.6875, 49.3125, 49, 48.75, 48.5625, 48.5, 48.5])

# Colors for each signal
colors = ['lime', 'cyan', 'red']
fontsize_default = 4
margin_left_numtitle = -0.2
margin_top_numtitle = 1.2

# Create the figure and axes
fig, axs = plt.subplots(3, 2, gridspec_kw={'width_ratios': [4, 1], 'height_ratios': [1, 1, 1]}, figsize=(18, 8))
fig.subplots_adjust(wspace=0.1, hspace=0.5, top=0.90, bottom=0.05, left=0.01, right = 0.90)

# ECG Graph
axs[0, 0].plot(ecg_wave, color=colors[0], linewidth=2)
axs[0, 0].set_title("ECG", loc='left', fontweight='bold', color=colors[0], fontsize= fontsize_default * 3)
# axs[0, 0].axis('off')
axs[0, 0].set_xticklabels([])
axs[0, 0].set_yticklabels([])
axs[0, 0].tick_params(axis='both', which='both', length=0)
for spine in axs[0, 0].spines.values():
    spine.set_visible(False)
axs[0, 0].set_xlim(0, 625-1)
axs[0, 0].grid(axis='y', color=colors[0], linestyle='--', linewidth=0.5)
# axs[0, 0].set_ylim(-1.5, 1.5)

# PPG Graph
axs[1, 0].plot(ppg_wave, color=colors[1], linewidth=2)
axs[1, 0].set_title("Pleth", loc='left', fontweight='bold', color=colors[1], fontsize= fontsize_default * 3)
# axs[1, 0].axis('off')
axs[1, 0].set_xticklabels([])
axs[1, 0].set_yticklabels([])
axs[1, 0].tick_params(axis='both', which='both', length=0)
for spine in axs[1, 0].spines.values():
    spine.set_visible(False)
axs[1, 0].set_xlim(0, 625-1)
axs[1, 0].grid(axis='y', color=colors[1], linestyle='--', linewidth=0.5)
# axs[1, 0].set_ylim(-1.5, 1.5)

# ABP Graph
axs[2, 0].plot(abp_wave, color=colors[2], linewidth=2)
axs[2, 0].set_title("ABP", loc='left', fontweight='bold', color=colors[2], fontsize= fontsize_default * 3)
# axs[2, 0].axis('off')
axs[2, 0].set_xticklabels([])
axs[2, 0].set_yticklabels([])
axs[2, 0].tick_params(axis='both', which='both', length=0)
for spine in axs[2, 0].spines.values():
    spine.set_visible(False)
axs[2, 0].set_xlim(0, 625-1)
axs[2, 0].grid(axis='y', color=colors[2], linestyle='--', linewidth=0.5)
# axs[2, 0].set_ylim(-1.5, 1.5)

# HR Value Display
axs[0, 1].text(margin_left_numtitle, margin_top_numtitle, "HR", ha='left', va='center', color=colors[0], fontsize=fontsize_default*3, fontweight='bold')
# axs[0, 1].text(0.25, 0.75, "120", ha='right', va='center', color=colors[0], fontsize=fontsize_default*3)
# axs[0, 1].text(0.25, 0.5, "0", ha='right', va='center', color=colors[0], fontsize=fontsize_default*3)
axs[0, 1].text(0.3, 0.5, "75", ha='left', va='center', color=colors[0], fontsize=fontsize_default*10)
axs[0, 1].axis('off')

# SpO2 and BP Text Display
# axs[1, 1].text(0.5, 0.5, "SpO2: 98%", ha='center', va='center', color=colors[1], fontsize=18)
axs[1, 1].text(margin_left_numtitle, margin_top_numtitle, "SpO2", ha='left', va='center', color=colors[1], fontsize=fontsize_default*3, fontweight='bold')
# axs[1, 1].text(margin_left_numtitle+0.15, margin_top_numtitle, "2", ha='left', va='center', color=colors[1], fontsize=fontsize_default*2, fontweight='bold')
axs[1, 1].text(0.3, 0.5, "100", ha='left', va='center', color=colors[1], fontsize=fontsize_default*10)
axs[1, 1].axis('off')


# axs[2, 1].text(0.5, 0.5, "BP: 120/80 mmHg", ha='center', va='center', color=colors[2], fontsize=18)
axs[2, 1].text(margin_left_numtitle, margin_top_numtitle, "BP", ha='left', va='center', color=colors[2], fontsize=fontsize_default*3, fontweight='bold')
axs[2, 1].text(0.3, 0.75, "117/78", ha='left', va='center', color=colors[2], fontsize=fontsize_default*6)
axs[2, 1].text(0.35, 0.25, "(94)", ha='left', va='center', color=colors[2], fontsize=fontsize_default*6)
axs[2, 1].axis('off')

# plt.tight_layout()
plt.show()
